0 0.91328125 0.34375 0.0359375 0.11171875
0 0.859375 0.34375 0.03984375 0.11484375
0 0.79609375 0.33515625 0.0296875 0.1015625
0 0.75 0.34296875 0.0359375 0.1078125
0 0.68125 0.34375 0.03203125 0.103125
0 0.6203125 0.36875 0.0390625 0.1015625
0 0.54296875 0.375 0.03671875 0.09375
0 0.40390625 0.20234375 0.0234375 0.0921875
0 0.38515625 0.20234375 0.0203125 0.0984375
0 0.27265625 0.2046875 0.021875 0.0875
0 0.24609375 0.2015625 0.02109375 0.0875
0 0.065625 0.2140625 0.03359375 0.0921875
0 0.10078125 0.2046875 0.0328125 0.084375
0 0.16328125 0.21015625 0.0296875 0.1