0 0.08671875 0.34375 0.0359375 0.11171875
0 0.140625 0.34375 0.03984375 0.11484375
0 0.20390625 0.33515625 0.0296875 0.1015625
0 0.25 0.34296875 0.0359375 0.1078125
0 0.31875 0.34375 0.03203125 0.103125
0 0.3796875 0.36875 0.0390625 0.1015625
0 0.45703125 0.375 0.03671875 0.09375
0 0.59609375 0.20234375 0.0234375 0.0921875
0 0.61484375 0.20234375 0.0203125 0.0984375
0 0.72734375 0.2046875 0.021875 0.0875
0 0.75390625 0.2015625 0.02109375 0.0875
0 0.934375 0.2140625 0.03359375 0.0921875
0 0.89921875 0.2046875 0.0328125 0.084375
0 0.83671875 0.21015625 0.0296875 0.1